1111111111111111111111111111111111111111111111111111111111111111
1111111111111111111111111111111111111111111111111111111111111111
1111111111111111111111111111111111111111111111111111111111111111
1111111111111111111111111111111111111111111111111111111111111111
1111111111111111111111111111111111111111111111111111111111111111
1111111111111111111111111111111111111111111111111111111111111111
1111111111111111111111111111111111111111111111111111111111111111
1111111111111111111111111111111111111111111111111111111111111111
1111111111111111111111111111111111111111111111111111111111111111
1111111111111111111111111111111111111111111111111111111111111111
1111111111111111111111111111111111111111111111111111111111111111
1111111111111111111111111111111111111111111111111111111111111111
1111100000000000000000000000000000000001111111111111111111111111
1111011111111111111111111111111111111110111111111111111111111111
1110111111111111111111111111111111111110111111111111111111111111
1110111111111111111111111111111111111110111111111111111111111111
1110111111111111111111111111111111111110111111111111111111111111
1110111111111111111111111111111111111110111111111111111111111111
1110111111111111111111111111111111111110111111111111111111111111
1110111111111111111111111111111111111110111111111111111111111111
1110111111111111111111111111111111111110111111111111111111111111
1110111111111111111111111111111111111110111111111111111111111111
1110111111111111111111111111111111111110111111111111111111111111
1110111111111111111111111111111111111110111100000000001111111111
1110111111111111111111111111111111111110111111111111101111111111
1110111111111111111111111111111111111110111111111111110111111111
1110111111111111111111111111111111111110111111111111110111111111
1110111111111111111111111111111111111110111111111111111011111111
1110111111111111111111111111111111111110111111111111111011111111
1110111111111111111111111111111111111110111111111111111011111111
1110111111111111111111111111111111111110111111111111111101111111
1110111111111111111111111111111111111110111111111111111101111111
1110111111111111111111111111111111111110111111111111111110111111
1110111111111111111111111111111111111110111111111111111110111111
1110111111111111111111111111111111111110111111111111111110111111
1110111111111111111111111111111111111110111111111111111111011111
1110111111111111111111111111111111111110111111111111111111011111
1110111111111111111111111111111111111110111111111111111111101111
1110111111111111111111111111111111111110111111111111111111101111
1111000000000000000000000000000000000000111111111111111111101111
1111111111111111111111111111111111111111111111111111111111101111
1111111111111111111111111111111111111111111111111111111111101111
1111111111111111111111111111111111111111111111111111111111101111
1111011111111111000111111111111111111111111110001111111111101111
1110111111111110111001111111111111111111111001110111111111101111
1110111111111101111110111111111111111111110111111011111111101111
1110111111111011111111011111111111111111101111111101111111101111
1110111111110111111111011111111111111111101111111110111111101111
1111000001101111111111011110000000000111011111111110111000001111
1111111111101111111111011111111111111111011111111110111111111111
1111111111101111111111011111111111111111011111111110111111111111
1111111111110111111111011111111111111111011111111110111111111111
1111111111110111111111011111111111111111101111111101111111111111
1111111111111011111110111111111111111111110111111101111111111111
1111111111111100000001111111111111111111111000000011111111111111
1111111111111111111111111111111111111111111111111111111111111111
1111111111111111111111111111111111111111111111111111111111111111
1111111111111111111111111111111111111111111111111111111111111111
1111111111111111111111111111111111111111111111111111111111111111
1111111111111111111111111111111111111111111111111111111111111111
1111111111111111111111111111111111111111111111111111111111111111
1111111111111111111111111111111111111111111111111111111111111111
1111111111111111111111111111111111111111111111111111111111111111
1111111111111111111111111111111111111111111111111111111111111111

=================

############################################
(x, y, z)
6,12,0	7,-1
7,12,0	7,-1
8,12,0	7,-1
9,12,0	7,-1
10,12,0	7,-1
11,12,0	7,-1
12,12,0	7,-1
13,12,0	7,-1
14,12,0	7,-1
15,12,0	7,-1
16,12,0	7,-1
17,12,0	7,-1
18,12,0	7,-1
19,12,0	7,-1
20,12,0	7,-1
21,12,0	7,-1
22,12,0	7,-1
23,12,0	7,-1
24,12,0	7,-1
25,12,0	7,-1
26,12,0	7,-1
27,12,0	7,-1
28,12,0	7,-1
29,12,0	7,-1
30,12,0	7,-1
31,12,0	7,-1
32,12,0	7,-1
33,12,0	7,-1
34,12,0	7,-1
35,12,0	7,-1
36,12,0	7,-1
37,12,0	7,-1
38,12,0	7,-1
39,13,0	8,-1
39,14,0	1,-1
39,15,0	1,-1
39,16,0	1,-1
39,17,0	1,-1
39,18,0	1,-1
39,19,0	1,-1
39,20,0	1,-1
39,21,0	1,-1
39,22,0	1,-1
39,23,0	1,-1
39,24,0	1,-1
39,25,0	1,-1
39,26,0	1,-1
39,27,0	1,-1
39,28,0	1,-1
39,29,0	1,-1
39,30,0	1,-1
39,31,0	1,-1
39,32,0	1,-1
39,33,0	1,-1
39,34,0	1,-1
39,35,0	1,-1
39,36,0	1,-1
39,37,0	1,-1
39,38,0	1,-1
39,39,0	1,-1
38,39,0	3,2
37,39,0	3,-1
36,39,0	3,-1
35,39,0	3,-1
34,39,0	3,-1
33,39,0	3,-1
32,39,0	3,-1
31,39,0	3,-1
30,39,0	3,-1
29,39,0	3,-1
28,39,0	3,-1
27,39,0	3,-1
26,39,0	3,-1
25,39,0	3,-1
24,39,0	3,-1
23,39,0	3,-1
22,39,0	3,-1
21,39,0	3,-1
20,39,0	3,-1
19,39,0	3,-1
18,39,0	3,-1
17,39,0	3,-1
16,39,0	3,-1
15,39,0	3,-1
14,39,0	3,-1
13,39,0	3,-1
12,39,0	3,-1
11,39,0	3,-1
10,39,0	3,-1
9,39,0	3,-1
8,39,0	3,-1
7,39,0	3,-1
6,39,0	3,-1
5,39,0	3,-1
4,39,0	3,-1
3,38,0	4,-1
3,37,0	5,-1
3,36,0	5,-1
3,35,0	5,-1
3,34,0	5,-1
3,33,0	5,-1
3,32,0	5,-1
3,31,0	5,-1
3,30,0	5,-1
3,29,0	5,-1
3,28,0	5,-1
3,27,0	5,-1
3,26,0	5,-1
3,25,0	5,-1
3,24,0	5,-1
3,23,0	5,-1
3,22,0	5,-1
3,21,0	5,-1
3,20,0	5,-1
3,19,0	5,-1
3,18,0	5,-1
3,17,0	5,-1
3,16,0	5,-1
3,15,0	5,-1
3,14,0	5,-1
4,13,0	6,-1
5,12,0	6,-1

distance=123.657

(x, y, z)
45,23,0	7,-1
46,23,0	7,-1
47,23,0	7,-1
48,23,0	7,-1
49,23,0	7,-1
50,23,0	7,-1
51,23,0	7,-1
52,23,0	7,-1
53,23,0	7,-1
53,24,0	1,8
54,25,0	8,-1
54,26,0	1,-1
55,27,0	8,-1
55,28,0	1,-1
55,29,0	1,-1
56,30,0	8,-1
56,31,0	1,-1
57,32,0	8,-1
57,33,0	1,-1
57,34,0	1,-1
58,35,0	8,-1
58,36,0	1,-1
59,37,0	8,-1
59,38,0	1,-1
59,39,0	1,-1
59,40,0	1,-1
59,41,0	1,-1
59,42,0	1,-1
59,43,0	1,-1
59,44,0	1,-1
59,45,0	1,-1
59,46,0	1,-1
59,47,0	1,-1
59,48,0	1,-1
58,48,0	3,2
57,48,0	3,-1
56,48,0	3,-1
55,48,0	3,-1

distance=164.142

(x, y, z)
3,44,0	2,-1
3,45,0	1,-1
3,46,0	1,-1
3,47,0	1,-1
4,48,0	8,-1
5,48,0	7,-1
6,48,0	7,-1
7,48,0	7,-1
8,48,0	7,-1

distance=173.971

(x, y, z)
17,43,0	7,-1
18,43,0	7,-1
19,44,0	8,-1
20,44,0	7,-1
21,45,0	8,-1
22,46,0	8,-1
22,47,0	1,-1
22,48,0	1,-1
22,49,0	1,-1
22,50,0	1,-1
22,51,0	1,-1
22,52,0	1,-1
21,53,0	2,-1
20,54,0	2,-1
19,54,0	3,-1
18,54,0	3,-1
17,54,0	3,-1
16,54,0	3,-1
15,54,0	3,-1
14,54,0	3,-1
13,53,0	4,-1
12,52,0	4,-1
12,51,0	5,-1
11,50,0	4,-1
11,49,0	5,-1
11,48,0	5,-1
12,47,0	6,-1
13,46,0	6,-1
14,45,0	6,-1
15,44,0	6,-1
16,43,0	6,-1

distance=210.355

(x, y, z)
46,43,0	7,-1
47,43,0	7,-1
48,44,0	8,-1
49,45,0	8,-1
50,46,0	8,-1
51,47,0	8,-1
51,48,0	1,-1
51,49,0	1,-1
51,50,0	1,-1
51,51,0	1,-1
50,52,0	2,-1
50,53,0	1,-1
49,54,0	2,-1
48,54,0	3,-1
47,54,0	3,-1
46,54,0	3,-1
45,54,0	3,-1
44,54,0	3,-1
43,54,0	3,-1
42,53,0	4,-1
41,52,0	4,-1
40,51,0	4,-1
40,50,0	5,-1
40,49,0	5,-1
40,48,0	5,-1
41,47,0	6,-1
41,46,0	5,-1
42,45,0	6,-1
43,44,0	6,-1
44,44,0	7,-1
45,43,0	6,-1

distance=246.74

(x, y, z)
28,48,0	7,-1
29,48,0	7,-1
30,48,0	7,-1
31,48,0	7,-1
32,48,0	7,-1
33,48,0	7,-1
34,48,0	7,-1
35,48,0	7,-1
36,48,0	7,-1

distance=255.74

lines_count=6
1111111111111111111111111111111111111111111111111111111111111111
1111111111111111111111111111111111111111111111111111111111111111
1111111111111111111111111111111111111111111111111111111111111111
1111111111111111111111111111111111111111111111111111111111111111
1111111111111111111111111111111111111111111111111111111111111111
1111111111111111111111111111111111111111111111111111111111111111
1111111111111111111111111111111111111111111111111111111111111111
1111111111111111111111111111111111111111111111111111111111111111
1111111111111111111111111111111111111111111111111111111111111111
1111111111111111111111111111111111111111111111111111111111111111
1111111111111111111111111111111111111111111111111111111111111111
1111111111111111111111111111111111111111111111111111111111111111
1111111111111111111111111111111111111111111111111111111111111111
1111111111111111111111111111111111111111111111111111111111111111
1111111111111111111111111111111111111111111111111111111111111111
1111111111111111111111111111111111111111111111111111111111111111
1111111111111111111111111111111111111111111111111111111111111111
1111111111111111111111111111111111111111111111111111111111111111
1111111111111111111111111111111111111111111111111111111111111111
1111111111111111111111111111111111111111111111111111111111111111
1111111111111111111111111111111111111111111111111111111111111111
1111111111111111111111111111111111111111111111111111111111111111
1111111111111111111111111111111111111111111111111111111111111111
1111111111111111111111111111111111111111111101111111111111111111
1111111111111111111111111111111111111111111111111111111111111111
1111111111111111111111111111111111111111111111111111111111111111
1111111111111111111111111111111111111111111111111111111111111111
1111111111111111111111111111111111111111111111111111111111111111
1111111111111111111111111111111111111111111111111111111111111111
1111111111111111111111111111111111111111111111111111111111111111
1111111111111111111111111111111111111111111111111111111111111111
1111111111111111111111111111111111111111111111111111111111111111
1111111111111111111111111111111111111111111111111111111111111111
1111111111111111111111111111111111111111111111111111111111111111
1111111111111111111111111111111111111111111111111111111111111111
1111111111111111111111111111111111111111111111111111111111111111
1111111111111111111111111111111111111111111111111111111111111111
1111111111111111111111111111111111111111111111111111111111111111
1111111111111111111111111111111111111111111111111111111111111111
1111111111111111111111111111111111111111111111111111111111111111
1111111111111111111111111111111111111111111111111111111111111111
1111111111111111111111111111111111111111111111111111111111111111
1111111111111111111111111111111111111111111111111111111111111111
1111011111111111111111111111111111111111111111111111111111111111
1111111111111111111111111111111111111111111111111111111111111111
1111111111111111111111111111111111111111111111111111111111111111
1111111111111111111111111111111111111111111111111111111111111111
1111111111111111111111111111111111111111111111111111111111111111
1111111111111111111111111110111111111111111111111111111111111111
1111111111111111111111111111111111111111111111111111111111111111
1111111111111111111111111111111111111111111111111111111111111111
1111111111111111111111111111111111111111111111111111111111111111
1111111111111111111111111111111111111111111111111111111111111111
1111111111111111111111111111111111111111111111111111111111111111
1111111111111111111111111111111111111111111111111111111111111111
1111111111111111111111111111111111111111111111111111111111111111
1111111111111111111111111111111111111111111111111111111111111111
1111111111111111111111111111111111111111111111111111111111111111
1111111111111111111111111111111111111111111111111111111111111111
1111111111111111111111111111111111111111111111111111111111111111
1111111111111111111111111111111111111111111111111111111111111111
1111111111111111111111111111111111111111111111111111111111111111
1111111111111111111111111111111111111111111111111111111111111111
1111111111111111111111111111111111111111111111111111111111111111

=================

Thinning completed. Thinned image saved as thinned_image.png
